0.000000  -5.000000
0.201505  -4.798691
0.403011  -4.597775
0.604516  -4.397252
0.806022  -4.197123
1.007527  -3.997386
1.209032  -3.798042
1.410538  -3.599091
1.612043  -3.400533
1.813549  -3.202368
2.015054  -3.004596
2.216560  -2.807218
2.418065  -2.610232
2.619570  -2.413639
2.821076  -2.217439
3.022581  -2.021632
3.224087  -1.826219
3.425592  -1.631198
3.627097  -1.436570
3.828603  -1.242335
4.030108  -1.048494
4.231614  -0.855045
4.433119  -0.661989
4.634624  -0.469326
4.836130  -0.277057
5.037635  -0.085180
5.239141  0.106303
5.440646  0.297394
5.642152  0.488092
5.843657  0.678396
6.045163  0.868308
6.246668  1.057826
6.448173  1.246952
6.649679  1.435685
6.851184  1.624024
7.052690  1.811971
7.254195  1.999524
7.455700  2.186685
7.657206  2.373452
7.858711  2.559827
8.060217  2.745808
8.261722  2.931396
8.463227  3.116592
8.664733  3.301395
8.866239  3.485804
9.067743  3.669820
9.269249  3.853444
9.470755  4.036674
9.672259  4.219512
9.873766  4.401957
10.075271  4.584008
10.276776  4.765666
10.478281  4.946931
10.679788  5.127804
10.881292  5.308283
11.082797  5.488369
11.284304  5.668063
11.485808  5.847363
11.687314  6.026270
11.888820  6.204785
12.090325  6.382906
12.291830  6.560634
12.493336  6.737969
12.694841  6.914912
12.896346  7.091461
13.097852  7.267617
13.299357  7.443381
13.500863  7.618751
13.702368  7.793727
13.903873  7.968311
14.105379  8.142503
14.306884  8.316301
14.508389  8.489706
14.709895  8.662719
14.911401  8.835338
15.112906  9.007564
15.314412  9.179398
15.515917  9.350837
15.717422  9.521884
15.918928  9.692538
16.120434  9.862800
16.321938  10.032667
16.523443  10.202142
16.724949  10.371223
16.926455  10.539912
17.127960  10.708210
17.329466  10.876113
17.530972  11.043622
17.732477  11.210739
17.933981  11.377463
18.135487  11.543794
18.336994  11.709733
18.538498  11.875278
18.740004  12.040429
18.941509  12.205188
19.143015  12.369554
19.344519  12.533526
19.546024  12.697106
19.747532  12.860294
19.949036  13.023088
20.150541  13.185489
20.352047  13.347496
20.553553  13.509110
20.755056  13.670332
20.956562  13.831161
21.158070  13.991598
21.359575  14.151640
21.561079  14.311290
21.762585  14.470547
21.964090  14.629410
22.165594  14.787881
22.367100  14.945958
22.568607  15.103644
22.770113  15.260936
22.971617  15.417834
23.173122  15.574340
23.374628  15.730452
23.576132  15.886171
23.777639  16.041500
23.979145  16.196432
24.180651  16.350973
24.382154  16.505121
24.583660  16.658875
24.785166  16.812237
24.986671  16.965204
25.188177  17.117781
25.389683  17.269964
25.591188  17.421753
25.792692  17.573149
25.994198  17.724154
26.195704  17.874763
26.397209  18.024981
26.598715  18.174807
26.800220  18.324238
27.001726  18.473276
27.203230  18.621922
27.404736  18.770174
27.606241  18.918032
27.807747  19.065498
28.009253  19.212574
28.210758  19.359253
28.412264  19.505541
28.613768  19.651434
28.815273  19.796936
29.016779  19.942043
29.218287  20.086761
29.419790  20.231083
29.621296  20.375011
29.822802  20.518549
30.024307  20.661692
30.225811  20.804441
30.427317  20.946798
30.628824  21.088764
30.830328  21.230335
31.031834  21.371513
31.233339  21.512299
31.434845  21.652691
31.636349  21.792688
31.837856  21.932297
32.039360  22.071508
32.240868  22.210329
32.442371  22.348755
32.643875  22.486790
32.845383  22.624434
33.046886  22.761679
33.248394  22.898535
33.449898  23.034996
33.651405  23.171066
33.852909  23.306742
34.054413  23.442026
34.255920  23.576916
34.457424  23.711412
34.658932  23.845518
34.860435  23.979227
35.061943  24.112545
35.263447  24.245470
35.464954  24.378002
35.666458  24.510143
35.867962  24.641888
36.069469  24.773241
36.270973  24.904200
36.472481  25.034767
36.673988  25.164944
36.875492  25.294722
37.076996  25.424112
37.278500  25.553104
37.480007  25.681707
37.681511  25.809916
37.883018  25.937733
38.084526  26.065157
38.286030  26.192184
38.487534  26.318823
38.689037  26.445065
38.890545  26.570917
39.092049  26.696373
39.293556  26.821440
39.495064  26.946112
39.696568  27.070389
39.898071  27.194277
40.099575  27.317768
40.301083  27.440868
40.502586  27.563574
40.704094  27.685888
40.905602  27.807810
41.107105  27.929337
41.308609  28.050472
41.510113  28.171213
41.711620  28.291563
41.913124  28.411516
42.114632  28.531080
42.316139  28.650251
42.517643  28.769026
42.719151  28.887411
42.920650  29.005400
43.122158  29.122999
43.323662  29.240202
43.525169  29.357016
43.726677  29.473434
43.928181  29.589458
44.129688  29.705091
44.331188  29.820330
44.532696  29.935179
44.734200  30.049629
44.935707  30.163692
45.137215  30.277359
45.338718  30.390633
45.540226  30.503515
45.741726  30.616003
45.943233  30.728100
46.144737  30.839800
46.346245  30.951111
46.547752  31.062029
46.749256  31.172550
46.950764  31.282682
47.152264  31.392418
47.353771  31.501762
47.555279  31.610716
47.756783  31.719273
47.958290  31.827438
48.159794  31.935209
48.361301  32.042591
48.562801  32.149574
48.764309  32.256168
48.965816  32.362370
49.167320  32.468178
49.368828  32.573593
49.570332  32.678612
49.771839  32.783241
49.973343  32.887474
50.174847  32.991318
50.376354  33.094769
50.577858  33.197823
50.779366  33.300488
50.980869  33.402756
51.182377  33.504635
51.383881  33.606117
51.585384  33.707211
51.786892  33.807907
51.988396  33.908211
52.189903  34.008125
52.391407  34.107643
52.592915  34.206772
52.794418  34.305504
52.995922  34.403843
53.197430  34.501793
53.398933  34.599342
53.600441  34.696507
53.801945  34.793274
54.003452  34.889648
54.204956  34.985630
54.406460  35.081219
54.607967  35.176414
54.809471  35.271217
55.010979  35.365627
55.212482  35.459644
55.413990  35.553268
55.615494  35.646500
55.816998  35.739338
56.018505  35.831783
56.220009  35.923836
56.421516  36.015495
56.623020  36.106758
56.824528  36.197632
57.026035  36.288113
57.227535  36.378201
57.429043  36.467896
57.630547  36.557194
57.832054  36.646103
58.033558  36.734615
58.235065  36.822739
58.436573  36.910469
58.638077  36.997803
58.839581  37.084747
59.041084  37.171295
59.242592  37.257454
59.444096  37.343216
59.645603  37.428589
59.847111  37.513565
60.048615  37.598148
60.250118  37.682343
60.451622  37.766140
60.653130  37.849545
60.854633  37.932556
61.056141  38.015179
61.257648  38.097404
61.459152  38.179237
61.660656  38.260677
61.862160  38.341724
62.063667  38.422382
62.265171  38.502644
62.466679  38.582512
62.668186  38.661987
62.869690  38.741070
63.071194  38.819759
63.272697  38.898056
63.474205  38.975960
63.675713  39.053471
63.877216  39.130589
64.078720  39.207310
64.280228  39.283646
64.481735  39.359581
64.683235  39.435127
64.884743  39.510277
65.086250  39.585041
65.287750  39.659405
65.489258  39.733376
65.690765  39.806961
65.892273  39.880146
66.093773  39.952942
66.295280  40.025341
66.496788  40.097351
66.698288  40.168964
66.899796  40.240189
67.101303  40.311020
67.302811  40.381454
67.504311  40.451496
67.705818  40.521145
67.907326  40.590405
68.108826  40.659267
68.310333  40.727737
68.511841  40.795818
68.713348  40.863503
68.914848  40.930794
69.116356  40.997692
69.317863  41.064201
69.519371  41.130314
69.720871  41.196033
69.922379  41.261364
70.123886  41.326298
70.325386  41.390835
70.526894  41.454983
70.728401  41.518742
70.929909  41.582104
71.131409  41.645069
71.332916  41.707649
71.534424  41.769833
71.735924  41.831619
71.937431  41.893017
72.138939  41.954021
72.340446  42.014633
72.541946  42.074848
72.743454  42.134678
72.944962  42.194107
73.146461  42.253147
73.347977  42.311794
73.549477  42.370045
73.750984  42.427906
73.952484  42.485371
74.153992  42.542446
74.355499  42.599129
74.556999  42.655415
74.758514  42.711311
74.960014  42.766811
75.161522  42.821922
75.363022  42.876637
75.564529  42.930962
75.766037  42.984890
75.967537  43.038425
76.169052  43.091572
76.370552  43.144321
76.572060  43.196678
76.773560  43.248642
76.975067  43.300217
77.176575  43.351395
77.378075  43.402180
77.579590  43.452576
77.781090  43.502575
77.982597  43.552181
78.184097  43.601391
78.385605  43.650215
78.587112  43.698643
78.788612  43.746677
78.990128  43.794319
79.191628  43.841568
79.393135  43.888424
79.594635  43.934883
79.796143  43.980957
79.997650  44.026630
80.199150  44.071915
80.400665  44.116806
80.602165  44.161304
80.803673  44.205406
81.005173  44.249119
81.206680  44.292439
81.408188  44.335365
81.609688  44.377895
81.811203  44.420036
82.012703  44.461781
82.214211  44.503136
82.415710  44.544094
82.617218  44.584663
82.818726  44.624840
83.020226  44.664619
83.221741  44.704010
83.423241  44.743004
83.624748  44.781605
83.826248  44.819817
84.027756  44.857632
84.229263  44.895054
84.430763  44.932087
84.632278  44.968723
84.833778  45.004967
85.035286  45.040817
85.236786  45.076275
85.438301  45.111343
85.639801  45.146015
85.841301  45.180294
86.042816  45.214180
86.244316  45.247673
86.445824  45.280773
86.647324  45.313480
86.848839  45.345795
87.050339  45.377716
87.251839  45.409245
87.453354  45.440380
87.654854  45.471123
87.856361  45.501472
88.057861  45.531425
88.259377  45.560993
88.460876  45.590160
88.662376  45.618938
88.863892  45.647324
89.065392  45.675312
89.266899  45.702911
89.468399  45.730118
89.669914  45.756927
89.871414  45.783348
90.072914  45.809376
90.274429  45.835007
90.475929  45.860249
90.677437  45.885094
90.878937  45.909550
91.080452  45.933609
91.281952  45.957279
91.483452  45.980553
91.684967  46.003433
91.886467  46.025925
92.087975  46.048019
92.289474  46.069721
92.490990  46.091034
92.692490  46.111950
92.893990  46.132473
93.095505  46.152603
93.297005  46.172344
93.498512  46.191689
93.700020  46.210640
93.901527  46.229198
94.103027  46.247364
94.304527  46.265137
94.506042  46.282516
94.707542  46.299503
94.909050  46.316097
95.110558  46.332298
95.312065  46.348106
95.513565  46.363522
95.715065  46.378544
95.916580  46.393173
96.118080  46.407406
96.319588  46.421249
96.521095  46.434700
96.722603  46.447758
96.924103  46.460419
97.125603  46.472691
97.327118  46.484570
97.528618  46.496052
97.730125  46.507145
97.931633  46.517845
98.133141  46.528149
98.334641  46.538063
98.536140  46.547581
98.737656  46.556709
98.939156  46.565441
99.140663  46.573784
99.342171  46.581730
99.543678  46.589283
99.745178  46.596447
99.946686  46.603214
100.148193  46.609589
100.349693  46.615574
100.551201  46.621162
100.752708  46.626358
100.954216  46.631161
101.155716  46.635574
101.357224  46.639591
101.558731  46.643215
101.760231  46.646446
101.961739  46.649284
102.163246  46.651730
102.364754  46.653782
102.566254  46.655441
102.767761  46.656708
102.969269  46.657581
103.170769  46.658062
103.372276  46.658150
103.573784  46.657845
103.775291  46.657146
103.976791  46.656052
104.178299  46.654568
104.379807  46.652691
104.581306  46.650421
104.782814  46.647758
104.984322  46.644699
105.185829  46.641251
105.387329  46.637409
105.588837  46.633171
105.790344  46.628544
105.991844  46.623520
106.193352  46.618107
106.394859  46.612297
106.596367  46.606098
106.797867  46.599503
106.999374  46.592518
107.200882  46.585136
107.402382  46.577366
107.603889  46.569199
107.805397  46.560638
108.006905  46.551689
108.208405  46.542343
108.409912  46.532604
108.611420  46.522472
108.812920  46.511951
109.014427  46.501034
109.215935  46.489723
109.417442  46.478020
109.618942  46.465923
109.820450  46.453438
110.021957  46.440552
110.223457  46.427280
110.424965  46.413612
110.626472  46.399551
110.827980  46.385098
111.029480  46.370247
111.230988  46.355007
111.432495  46.339375
111.633995  46.323349
111.835503  46.306931
112.037010  46.290119
112.238518  46.272915
112.440018  46.255314
112.641525  46.237324
112.843033  46.218941
113.044533  46.200161
113.246040  46.180992
113.447548  46.161430
113.649055  46.141472
113.850555  46.121124
114.052071  46.100380
114.253571  46.079247
114.455070  46.057720
114.656578  46.035797
114.858086  46.013481
115.059593  45.990776
115.261093  45.967674
115.462608  45.944183
115.664108  45.920296
115.865616  45.896015
116.067116  45.871346
116.268623  45.846279
116.470131  45.820820
116.671631  45.794968
116.873146  45.768726
117.074646  45.742088
117.276154  45.715057
117.477654  45.687634
117.679161  45.659817
117.880669  45.631607
118.082169  45.603004
118.283684  45.574009
118.485184  45.544621
118.686691  45.514839
118.888191  45.484665
119.089699  45.454098
119.291206  45.423138
119.492706  45.391785
119.694221  45.360039
119.895721  45.327900
120.097229  45.295364
120.298729  45.262440
120.500237  45.229122
120.701744  45.195412
120.903244  45.161304
121.104759  45.126808
121.306259  45.091919
121.507767  45.056633
121.709267  45.020958
121.910774  44.984886
122.112282  44.948425
122.313782  44.911572
122.515297  44.874321
122.716797  44.836678
122.918304  44.798645
123.119804  44.760216
123.321312  44.721397
123.522820  44.682182
123.724319  44.642574
123.925835  44.602577
124.127335  44.562183
124.328842  44.521397
124.530342  44.480221
124.731850  44.438648
124.933357  44.396683
125.134857  44.354324
125.336372  44.311573
125.537872  44.268429
125.739380  44.224892
125.940880  44.180965
126.142387  44.136639
126.343895  44.091923
126.545395  44.046818
126.746910  44.001312
126.948410  43.955418
127.149918  43.909130
127.351425  43.862450
127.552917  43.815376
127.754433  43.767910
127.955940  43.720047
128.157440  43.671799
128.358948  43.623150
128.560455  43.574108
128.761963  43.524681
128.963470  43.474854
129.164978  43.424633
129.366470  43.374027
129.567978  43.323021
129.769485  43.271626
129.970993  43.219833
130.172501  43.167648
130.373993  43.115078
130.575500  43.062107
130.777023  43.008743
130.978516  42.954990
131.180023  42.900841
131.381531  42.846298
131.583038  42.791367
131.784546  42.736038
131.986053  42.680317
132.187546  42.624207
132.389053  42.567699
132.590561  42.510803
132.792068  42.453506
132.993576  42.395821
133.195068  42.337746
133.396576  42.279274
133.598099  42.220406
133.799591  42.161152
134.001099  42.101501
134.202606  42.041454
134.404114  41.981022
134.605621  41.920193
134.807129  41.858967
135.008621  41.797356
135.210129  41.735344
135.411636  41.672947
135.613144  41.610149
135.814651  41.546963
136.016144  41.483383
136.217651  41.419411
136.419174  41.355042
136.620667  41.290283
136.822174  41.225132
137.023682  41.159584
137.225189  41.093647
137.426697  41.027317
137.628204  40.960590
137.829697  40.893475
138.031204  40.825962
138.232712  40.758060
138.434219  40.689762
138.635727  40.621071
138.837219  40.551994
139.038742  40.482517
139.240250  40.412647
139.441742  40.342388
139.643250  40.271732
139.844757  40.200680
140.046265  40.129246
140.247772  40.057407
140.449280  39.985180
140.650772  39.912563
140.852280  39.839550
141.053787  39.766148
141.255295  39.692348
141.456802  39.618153
141.658295  39.543571
141.859818  39.468594
142.061325  39.393219
142.262817  39.317459
142.464325  39.241302
142.665833  39.164749
142.867340  39.087811
143.068848  39.010471
143.270355  38.932743
143.471848  38.854622
143.673355  38.776108
143.874863  38.697201
144.076370  38.617901
144.277878  38.538204
144.479370  38.458122
144.680893  38.377640
144.882401  38.296764
145.083893  38.215500
145.285400  38.133842
145.486908  38.051788
145.688416  37.969345
145.889923  37.886505
146.091431  37.803272
146.292923  37.719654
146.494431  37.635632
146.695953  37.551220
146.897446  37.466423
147.098953  37.381226
147.300446  37.295639
147.501968  37.209656
147.703476  37.123276
147.904968  37.036514
148.106476  36.949348
148.307983  36.861794
148.509491  36.773849
148.710999  36.685509
148.912506  36.596775
149.113998  36.507652
149.315506  36.418129
149.517029  36.328217
149.718521  36.237915
149.920029  36.147213
150.121521  36.056126
150.323044  35.964642
150.524551  35.872761
150.726044  35.780495
150.927551  35.687828
151.129059  35.594772
151.330566  35.501328
151.532074  35.407482
151.733582  35.313244
151.935074  35.218620
152.136581  35.123596
152.338104  35.028179
152.539597  34.932377
152.741104  34.836174
152.942596  34.739586
153.144119  34.642597
153.345627  34.545216
153.547119  34.447449
153.748627  34.349277
153.950134  34.250717
154.151642  34.151772
154.353149  34.052425
154.554657  33.952686
154.756149  33.852558
154.957672  33.752033
155.159180  33.651115
155.360672  33.549809
155.562180  33.448105
155.763672  33.346012
155.965195  33.243523
156.166702  33.140640
156.368195  33.037369
156.569702  32.933701
156.771210  32.829636
156.972717  32.725185
157.174225  32.620338
157.375732  32.515095
157.577225  32.409470
157.778748  32.303440
157.980255  32.197018
158.181747  32.090210
158.383255  31.983004
158.584747  31.875412
158.786270  31.767418
158.987778  31.659031
159.189270  31.550261
159.390778  31.441088
159.592285  31.331522
159.793793  31.221573
159.995300  31.111221
160.196808  31.000475
160.398300  30.889347
160.599823  30.777815
160.801331  30.665892
161.002823  30.553583
161.204330  30.440874
161.405823  30.327780
161.607346  30.214285
161.808853  30.100395
162.010345  29.986122
162.211853  29.871447
162.413361  29.756380
162.614868  29.640926
162.816376  29.525074
163.017883  29.408827
163.219376  29.292194
163.420898  29.175161
163.622406  29.057735
163.823898  28.939926
164.025406  28.821714
164.226898  28.703117
164.428421  28.584120
164.629929  28.464729
164.831421  28.344954
165.032928  28.224775
165.234436  28.104206
165.435944  27.983252
165.637451  27.861897
165.838959  27.740147
166.040451  27.618013
166.241974  27.495478
166.443481  27.372549
166.644974  27.249237
166.846481  27.125523
167.047989  27.001415
167.249496  26.876925
167.451004  26.752031
167.652496  26.626755
167.854004  26.501076
168.055511  26.375002
168.257019  26.248547
168.458527  26.121689
168.660034  25.994436
168.861526  25.866802
169.063049  25.738764
169.264557  25.610332
169.466049  25.481520
169.667557  25.352303
169.869064  25.222692
170.070572  25.092701
170.272079  24.962305
170.473572  24.831526
170.675079  24.700344
170.876602  24.568769
171.078094  24.436811
171.279602  24.304451
171.481110  24.171696
171.682602  24.038559
171.884125  23.905020
172.085632  23.771088
172.287125  23.636770
172.488632  23.502052
172.690140  23.366940
172.891647  23.231445
173.093155  23.095547
173.294647  22.959267
173.496155  22.822582
173.697678  22.685505
173.899170  22.548046
174.100677  22.410183
174.302185  22.271927
174.503677  22.133287
174.705200  21.994246
174.906708  21.854811
175.108200  21.714993
175.309708  21.574772
175.511215  21.434156
175.712723  21.293159
175.914230  21.151760
176.115723  21.009977
176.317230  20.867790
176.518753  20.725212
176.720245  20.582251
176.921753  20.438885
177.123260  20.295126
177.324753  20.150986
177.526276  20.006441
177.727783  19.861504
177.929276  19.716185
178.130783  19.570461
178.332291  19.424343
178.533798  19.277845
178.735306  19.130943
178.936798  18.983658
179.138306  18.835970
179.339828  18.687887
179.541321  18.539425
179.742828  18.390556
179.944336  18.241297
180.145828  18.091654
180.347351  17.941607
180.548859  17.791166
180.750351  17.640345
180.951859  17.489119
181.153366  17.337502
181.354874  17.185499
181.556381  17.033094
181.757874  16.880308
181.959381  16.727118
182.160904  16.573534
182.362396  16.419569
182.563904  16.265198
182.765411  16.110435
182.966904  15.955291
183.168427  15.799742
183.369934  15.643800
183.571426  15.487476
183.772934  15.330749
183.974442  15.173627
184.175949  15.016125
184.377457  14.858217
184.578949  14.699929
184.780457  14.541236
184.981979  14.382150
185.183472  14.222683
185.384979  14.062810
185.586487  13.902545
185.787979  13.741899
185.989502  13.580847
186.191010  13.419403
186.392502  13.257578
186.594009  13.095347
186.795532  12.932724
186.997025  12.769719
187.198532  12.606310
187.400040  12.442508
187.601532  12.278324
187.803055  12.113735
188.004547  11.948767
188.206055  11.783392
188.407562  11.617624
188.609055  11.451476
188.810577  11.284923
189.012085  11.117975
189.213577  10.950648
189.415085  10.782916
189.616608  10.614790
189.818100  10.446284
190.019608  10.277372
190.221115  10.108068
190.422607  9.938382
190.624130  9.768291
190.825623  9.597820
191.027130  9.426944
191.228638  9.255673
191.430130  9.084023
191.631653  8.911967
191.833160  8.739518
192.034653  8.566689
192.236160  8.393455
192.437683  8.219827
192.639175  8.045818
192.840683  7.871404
193.042191  7.696597
193.243683  7.521410
193.445206  7.345817
193.646698  7.169844
193.848206  6.993465
194.049713  6.816692
194.251205  6.639541
194.452728  6.461982
194.654236  6.284031
194.855728  6.105700
195.057236  5.926963
195.258759  5.747832
195.460251  5.568323
195.661758  5.388406
195.863266  5.208097
196.064758  5.027408
196.266281  4.846313
196.467773  4.664838
196.669281  4.482956
196.870789  4.300682
197.072281  4.118028
197.273804  3.934967
197.475311  3.751513
197.676804  3.567681
197.878311  3.383441
198.079834  3.198808
198.281326  3.013797
198.482834  2.828378
198.684341  2.642566
198.885834  2.456376
199.087357  2.269778
199.288849  2.082801
199.490356  1.895417
199.691864  1.707640
199.893372  1.519485
200.094879  1.330922
200.296387  1.141966
200.497879  0.952631
200.699387  0.762889
200.900909  0.572754
201.102402  0.382241
201.303909  0.191320
